0 10.101
1 10
2 10
3 10.6383
4 10.6383
5 10.101
6 11.3636
7 9.43396
8 10.7527
9 10.8696
10 10.989
11 11.6279
12 11.9048
13 10.7527
14 11.3636
15 11.1111
16 11.9048
17 12.1951
18 11.1111
19 11.7647
20 11.236
21 12.3457
22 11.9048
23 11.6279
24 11.236
25 11.3636
26 11.236
27 11.4943
28 11.7647
29 10.5263
30 11.236
31 11.1111
32 11.1111
33 10.7527
34 11.1111
35 11.6279
36 10.8696
37 11.236
38 10.989
39 10.7527
40 11.4943
41 10.7527
42 10.3093
43 10.4167
44 10.3093
45 10.6383
46 10.4167
47 10.3093
48 10.5263
49 10.3093
50 10.7527
51 10.8696
