0 10.101
1 9.90099
2 10.3093
3 10
4 10.3093
5 10.101
6 10.3093
7 9.90099
8 9.80392
9 10.101
10 9.52381
11 9.70874
12 10.101
13 9.70874
14 9.61538
15 9.90099
16 10
17 9.61538
18 10
19 10
20 9.90099
21 9.52381
22 9.34579
23 9.70874
24 9.25926
25 9.34579
26 9.25926
27 9.25926
28 10.6383
29 10.2041
30 10.4167
31 10.2041
32 10.5263
33 10.2041
34 10.2041
35 9.80392
36 9.43396
37 9.43396
38 9.34579
39 9.52381
40 9.52381
41 9.43396
42 7.46269
43 7.29927
44 7.57576
45 7.29927
46 7.5188
47 7.63359
48 7.5188
49 7.46269
50 7.0922
51 7.24638
52 6.94444
53 7.14286
54 7.04225
55 6.99301
56 10.2041
57 9.90099
58 10.4167
59 9.70874
60 10.4167
61 10.4167
62 10.3093
63 10.101
64 9.80392
65 9.70874
66 9.80392
67 9.70874
68 9.52381
69 9.52381
70 10
71 10
72 10.101
73 10
74 10.2041
75 10.2041
76 10.101
77 10
78 9.80392
79 9.90099
80 9.70874
81 9.90099
82 9.80392
83 9.70874
84 10.101
85 10
86 10.3093
87 10.101
88 10.3093
89 10.101
90 10.3093
91 10
92 9.70874
93 10
94 9.52381
95 9.52381
96 9.90099
97 9.61538
98 10.3093
99 10
100 10.6383
101 9.90099
102 10.5263
103 10.4167
104 10.5263
105 10.101
106 9.52381
107 9.70874
108 9.43396
109 9.61538
110 9.61538
111 9.43396
112 10
113 9.90099
114 9.61538
115 10.2041
116 10.4167
117 10.4167
118 10.3093
119 9.80392
120 9.61538
121 9.70874
122 9.34579
123 9.52381
124 9.43396
125 9.52381
126 10
127 10
128 10
129 9.70874
130 10.2041
131 10
132 10.3093
133 10.2041
134 9.70874
135 9.43396
136 9.90099
137 9.80392
138 9.61538
139 9.17431
140 9.90099
141 9.80392
142 10.101
143 9.61538
144 10.3093
145 10.101
146 10
147 9.80392
148 9.80392
149 9.34579
150 9.25926
151 9.70874
152 9.52381
153 9.17431
154 9.80392
155 9.43396
156 11.1111
157 9.52381
158 9.90099
159 10.101
160 9.90099
161 9.61538
162 9.17431
163 9.34579
164 9.09091
165 9.34579
166 9.34579
167 8.92857
168 9.70874
169 9.61538
170 9.80392
171 9.61538
172 9.80392
173 10
174 10.101
175 9.70874
176 9.70874
177 9.43396
178 9.61538
179 9.09091
180 9.17431
181 9.00901
182 9.43396
183 9.17431
184 9.17431
185 9.00901
186 9.00901
187 8.13008
188 8.19672
