0.01188
0.01212
0.01164
0.012
0.01164
0.01188
0.01164
0.01212
0.01224
0.01188
0.0126
0.01236
0.01188
0.01236
0.01248
0.01212
0.012
0.01248
0.012
0.012
0.01212
0.0126
0.01284
0.01236
0.01296
0.01284
0.01296
0.01296
0.01128
0.01176
0.01152
0.01176
0.0114
0.01176
0.01176
0.01224
0.01272
0.01272
0.01284
0.0126
0.0126
0.01272
0.01608
0.01644
0.01584
0.01644
0.01596
0.01572
0.01596
0.01608
0.01692
0.01656
0.01728
0.0168
0.01704
0.01716
0.01176
0.01212
0.01152
0.01236
0.01152
0.01152
0.01164
0.01188
0.01224
0.01236
0.01224
0.01236
0.0126
0.0126
0.012
0.012
0.01188
0.012
0.01176
0.01176
0.01188
0.012
0.01224
0.01212
0.01236
0.01212
0.01224
0.01236
0.01188
0.012
0.01164
0.01188
0.01164
0.01188
0.01164
0.012
0.01236
0.012
0.0126
0.0126
0.01212
0.01248
0.01164
0.012
0.01128
0.01212
0.0114
0.01152
0.0114
0.01188
0.0126
0.01236
0.01272
0.01248
0.01248
0.01272
0.012
0.01212
0.01248
0.01176
0.01152
0.01152
0.01164
0.01224
0.01248
0.01236
0.01284
0.0126
0.01272
0.0126
0.012
0.012
0.012
0.01236
0.01176
0.012
0.01164
0.01176
0.01236
0.01272
0.01212
0.01224
0.01248
0.01308
0.01212
0.01224
0.01188
0.01248
0.01164
0.01188
0.012
0.01224
0.01224
0.01284
0.01296
0.01236
0.0126
0.01308
0.01224
0.01272
0.0108
0.0126
0.01212
0.01188
0.01212
0.01248
0.01308
0.01284
0.0132
0.01284
0.01284
0.01344
0.01236
0.01248
0.01224
0.01248
0.01224
0.012
0.01188
0.01236
0.01236
0.01272
0.01248
0.0132
0.01308
0.01332
0.01272
0.01308
0.01308
0.01332
0.01332
0.01476
0.01464
