24.6227 0.35022 25.363 0.300446 25.4495 0.313024 24.4221 0.288805 24.2533 0.291649 23.4231 0.336383 26.1211 0.430871 
23.3324 0.196288 23.1237 0.17623 24.4945 0.209123 23.0813 0.151735 24.3127 0.180729 25.2199 0.225878 13.9806 0.113673 
23.0776 0.213472 25.14 0.205581 24.1292 0.190225 22.8865 0.161005 23.9198 0.185627 23.3626 0.221774 24.8037 0.226087 
23.3601 0.231321 22.4882 0.18908 25.34 0.17554 22.1445 0.146787 25.5634 0.218649 25.0302 0.199117 21.1335 0.195387 
25.2841 0.201827 25.996 0.215625 27.5456 0.226203 25.5642 0.238679 25.8326 0.246425 24.6634 0.162564 17.3601 0.134154 
23.8721 0.176386 23.2857 0.18328 22.4499 0.160518 22.986 0.204224 21.7742 0.197739 24.5313 0.177182 22.5098 0.216495 
18.5571 0.146381 17.8509 0.137423 18.4747 0.138687 17.9364 0.142411 18.313 0.15555 19.4936 0.148167 18.4119 0.155431 
20.0029 0.153776 18.1423 0.143992 17.8419 0.156146 18.1451 0.139629 17.3676 0.121668 16.9785 0.145625 17.1785 0.146094 
25.9732 0.229612 23.9139 0.223851 27.3163 0.195256 23.5232 0.206897 24.1982 0.187479 25.8856 0.222629 25.4558 0.201691 
25.3263 0.199065 25.0076 0.207041 23.1048 0.182285 25.5017 0.194236 24.4924 0.198284 24.0437 0.210888 23.2777 0.163104 
25.1342 0.214774 25.3804 0.196381 24.2681 0.202824 23.8565 0.191835 26.3483 0.189787 25.6176 0.189688 25.3323 0.220522 
25.6666 0.211762 24.778 0.208414 25.6929 0.183513 24.2466 0.183136 25.0269 0.207399 24.2008 0.212525 23.562 0.215985 
25.8333 0.221321 24.159 0.199821 25.6431 0.194347 24.6732 0.190582 26.7483 0.234196 24.9254 0.203857 26.6732 0.217834 
24.9233 0.177172 26.2861 0.211512 25.0868 0.201918 23.9995 0.179629 23.3729 0.185674 24.7723 0.195696 23.9551 0.175796 
25.547 0.195608 25.6023 0.180781 27.4836 0.221251 25.7059 0.216557 25.6825 0.211803 26.8976 0.216958 26.7965 0.229087 
25.7926 0.173105 30.5016 0.253789 24.6477 0.222567 23.052 0.18302 24.9588 0.206982 24.1313 0.162736 25.2046 0.209586 
25.9318 0.191782 25.0548 0.188644 23.9082 0.191218 25.9706 0.222591 25.7161 0.186897 26.2057 0.232971 27.0479 0.207064 
23.8133 0.171764 24.6337 0.183985 23.1908 0.195691 24.0903 0.199053 23.5015 0.161768 23.336 0.168194 23.3168 0.184168 
26.0624 0.197309 25.3714 0.199334 26.9907 0.226246 24.1647 0.204763 25.7161 0.184728 25.1893 0.201073 26.0448 0.229258 
25.891 0.175494 25.1399 0.179166 23.3932 0.157033 26.089 0.170582 25.0017 0.205618 24.6671 0.201844 22.6177 0.14414 
24.0116 0.199905 25.537 0.181441 24.2837 0.191926 24.8547 0.186078 25.2079 0.183505 25.5951 0.210411 24.4407 0.189786 
25.3338 0.198048 24.9761 0.157223 22.9999 0.175905 23.2122 0.177349 24.355 0.175854 23.6104 0.203786 22.8031 0.170263 
24.5855 0.162367 24.2036 0.209997 28.0795 0.205349 23.5753 0.161263 24.4957 0.197726 26.5723 0.215191 25.1058 0.184906 
23.9094 0.17137 22.1478 0.17978 25.1995 0.188658 24.6455 0.193665 26.1398 0.196186 23.0513 0.160333 22.4856 0.178109 
25.8346 0.216449 25.6397 0.192868 26.1706 0.208835 26.0887 0.230083 26.5178 0.238093 26.8075 0.246725 26.2756 0.232547 
26.0831 0.220051 24.9823 0.243726 24.7481 0.232863 25.8319 0.234104 23.8907 0.175565 24.2254 0.238843 23.6959 0.212354 
24.5193 0.322381 23.9761 0.3324 23.8954 0.260767 24.6169 0.293722 24.227 0.303583 21.4444 0.258336 20.7185 0.267557 
