20.4977 0.251085 19.6267 0.19689 20.7436 0.227829 19.372 0.183674 19.5688 0.194752 19.882 0.22967 21.4444 0.269956 
18.6941 0.12341 18.9495 0.126797 19.0795 0.14632 18.7492 0.108656 19.0443 0.122808 19.9465 0.143261 11.5686 0.0933157 
18.3713 0.131999 18.9625 0.122157 19.6568 0.13576 18.5815 0.110619 19.5639 0.121061 19.2301 0.139162 19.94 0.144502 
18.2775 0.134323 18.2679 0.12371 18.7526 0.107508 17.748 0.106165 17.8218 0.11992 17.8473 0.120336 17.01 0.138948 
20.9338 0.128508 20.56 0.139943 20.2697 0.141968 20.4693 0.166473 20.3225 0.147934 20.2445 0.112092 14.0437 0.100467 
19.4765 0.114588 18.1209 0.123721 18.6701 0.118756 18.0594 0.129557 17.9052 0.128542 19.3232 0.124334 17.5392 0.139864 
14.968 0.0953143 14.404 0.0912715 15.1951 0.0929485 14.6952 0.101293 15.2817 0.118741 15.5052 0.0986676 15.0722 0.102139 
14.7988 0.0945795 14.1406 0.0919148 14.5044 0.109276 13.7077 0.0924367 14.354 0.0879064 14.0545 0.109679 13.9817 0.109264 
20.3793 0.145163 19.1733 0.132988 20.4939 0.12015 19.0095 0.133129 21.4965 0.163667 20.5215 0.154445 20.1131 0.121584 
20.1627 0.125205 20.0641 0.132616 18.863 0.128795 19.1684 0.134946 19.5718 0.132828 18.6072 0.129116 18.725 0.114528 
19.7766 0.123284 20.5094 0.134685 20.1247 0.134777 20.2802 0.159697 20.6999 0.127625 20.3775 0.133131 20.5092 0.13801 
19.9307 0.133406 19.8881 0.145362 19.7664 0.113326 19.1154 0.114914 19.7754 0.13609 19.4923 0.150601 19.3705 0.145566 
20.446 0.143647 20.3432 0.144918 20.8232 0.133694 20.2852 0.120562 21.2739 0.151987 20.4598 0.151847 20.865 0.13602 
20.2376 0.109842 20.5193 0.122305 19.9594 0.138695 18.718 0.131573 18.8553 0.121124 19.9597 0.138602 19.4596 0.116669 
20.3962 0.140229 20.0015 0.113593 20.7955 0.132204 20.0514 0.144337 21.0702 0.154102 21.1764 0.136118 20.8778 0.147929 
20.3833 0.112912 25.7033 0.165919 18.9716 0.132311 18.7566 0.120686 19.1186 0.134776 19.1408 0.105656 18.4697 0.125461 
19.6497 0.119265 19.7875 0.124087 19.4315 0.131324 20.2289 0.146962 20.6605 0.136688 20.8729 0.149051 20.4112 0.130133 
19.3461 0.126223 19.194 0.125343 19.1409 0.12814 17.9933 0.121504 18.8042 0.104951 18.6727 0.107065 18.5077 0.12911 
19.9314 0.126004 20.4245 0.131271 19.6908 0.130664 18.9788 0.127413 20.3772 0.126821 20.7006 0.137618 20.6995 0.139073 
20.1995 0.113985 19.5319 0.117648 18.746 0.105463 20.1003 0.11669 19.8339 0.140236 18.6781 0.136036 18.3806 0.0960215 
19.0763 0.130398 19.5751 0.12408 19.9145 0.119426 18.8783 0.127818 20.9053 0.130544 20.2001 0.133163 19.4508 0.124891 
19.676 0.123682 19.3703 0.104203 17.9347 0.106607 17.6849 0.108848 19.1196 0.11272 19.2701 0.133412 17.9126 0.105465 
19.5219 0.103558 18.6183 0.125449 22.0041 0.123975 19.127 0.115754 19.7644 0.130929 20.3987 0.141166 19.6932 0.117091 
19.0162 0.10869 17.8041 0.115308 18.3868 0.112428 17.6854 0.123857 18.5432 0.111655 18.6353 0.104053 17.4011 0.103496 
18.7798 0.132358 18.9247 0.122126 19.1733 0.13982 18.741 0.126926 19.001 0.159399 19.537 0.141817 19.721 0.151457 
18.504 0.122239 18.8457 0.165266 18.247 0.128167 18.1039 0.131172 17.6507 0.112856 17.683 0.130565 17.1572 0.129687 
17.9946 0.163162 17.6676 0.179708 17.3969 0.154628 17.2022 0.158712 17.4495 0.163061 15.5595 0.142978 15.0428 0.152118 
