18.5176 0.23037 17.7056 0.169944 18.0455 0.204325 17.7411 0.164314 17.8684 0.172756 18.2411 0.197272 19.0476 0.259478 
16.647 0.124206 17.2397 0.116747 16.7867 0.122192 16.8406 0.110569 17.3453 0.10601 17.6592 0.137004 10.1998 0.107833 
16.9456 0.136179 17.1923 0.113985 17.4026 0.118932 17.2569 0.108497 17.9787 0.132572 17.4433 0.131466 18.5916 0.156338 
16.4564 0.125664 16.8517 0.118609 16.866 0.102514 16.6284 0.109092 15.352 0.105831 15.4945 0.106506 15.7398 0.132502 
18.6125 0.126675 18.5742 0.135897 17.9397 0.117969 18.4598 0.151891 18.3308 0.149585 18.178 0.10883 12.6333 0.0903842 
17.6426 0.105455 16.2888 0.115566 16.9693 0.109178 16.535 0.12712 16.9109 0.13264 17.1328 0.112078 15.6423 0.120856 
13.4336 0.0980666 13.3559 0.0866712 13.7971 0.100512 13.0579 0.0984915 14.031 0.112564 14.3455 0.0968983 13.6006 0.100386 
13.3672 0.087508 12.7713 0.0868147 13.2979 0.110908 12.1138 0.0813939 12.8855 0.0760682 13.0041 0.0990387 12.8699 0.108215 
18.0565 0.122733 17.8262 0.136669 18.5901 0.115728 17.5247 0.136909 19.0029 0.137785 18.2783 0.142559 18.8248 0.119209 
18.775 0.128625 17.4826 0.121089 17.5175 0.122093 17.0558 0.12323 17.2596 0.121556 17.0298 0.118492 17.4781 0.110575 
18.5855 0.132324 18.3784 0.130181 18.4777 0.135165 18.4035 0.14907 18.4371 0.117609 17.9432 0.118335 17.7719 0.123364 
17.8357 0.121995 18.0967 0.123393 17.7536 0.100089 17.3417 0.113094 17.7435 0.131662 17.5895 0.148099 17.3678 0.133806 
18.2538 0.136455 18.4427 0.132343 18.9936 0.124733 18.7402 0.114722 18.3466 0.12879 18.0999 0.139479 18.6324 0.123492 
18.2157 0.105848 17.331 0.105487 17.9101 0.124463 17.3578 0.116702 16.9309 0.110689 18.0432 0.124462 17.534 0.105992 
18.5441 0.131079 17.7629 0.111399 18.846 0.11758 17.385 0.121875 18.6784 0.136949 18.9744 0.1336 19.2894 0.130687 
18.262 0.106654 23.9446 0.160892 17.2337 0.128936 17.5887 0.116501 17.2585 0.122604 17.3477 0.101319 16.824 0.123424 
17.8613 0.108478 17.6702 0.119656 17.6994 0.12041 17.9141 0.127715 18.6599 0.121197 18.8164 0.142647 18.5611 0.1214 
18.0358 0.110769 17.3097 0.116537 17.6896 0.127614 16.1295 0.114676 17.494 0.100761 17.2398 0.102351 17.2225 0.119578 
18.1785 0.114564 18.2464 0.126314 17.9811 0.130452 17.2738 0.134812 18.8904 0.114345 19.0964 0.133814 18.4412 0.137108 
18.6515 0.10878 17.2936 0.103667 17.1813 0.104907 17.8208 0.112861 18.0811 0.125123 16.9173 0.12782 16.5728 0.0910093 
16.9341 0.125921 17.1734 0.112633 18.237 0.116973 16.9302 0.119767 18.995 0.115142 17.8024 0.115463 17.4763 0.117473 
17.4689 0.115801 17.1767 0.0904278 16.5636 0.103578 16.4339 0.111165 17.1381 0.10033 17.262 0.124046 16.1848 0.101859 
17.4193 0.103736 17.2273 0.124601 20.2695 0.121016 17.3556 0.101357 18.35 0.123365 17.4142 0.126581 17.6017 0.110783 
17.0066 0.103589 16.4772 0.115453 15.7469 0.101472 15.5442 0.104401 16.1008 0.10143 16.8611 0.0991708 15.4998 0.106444 
16.4913 0.127736 16.3522 0.121869 16.338 0.125942 16.3643 0.115149 16.492 0.143515 16.882 0.121395 17.3303 0.135364 
16.4687 0.121683 16.6748 0.142791 15.9794 0.117909 16.1876 0.128419 15.2801 0.108869 15.0906 0.11901 14.9722 0.11362 
14.8334 0.162121 14.9224 0.160356 15.1081 0.171202 14.6226 0.150316 15.0707 0.157514 13.1116 0.124703 12.9765 0.139169 
