19.2115 0.218747 18.2713 0.188121 19.2559 0.21563 18.581 0.190562 18.3713 0.2044 18.7811 0.215884 19.5856 0.260687 
17.3192 0.134756 17.9009 0.123719 18.0915 0.133186 17.6 0.118397 17.8913 0.12166 18.6965 0.138464 10.6713 0.0885509 
17.47 0.145926 17.9165 0.124491 18.4637 0.140025 17.4163 0.112233 18.6472 0.140646 18.4487 0.142708 18.7654 0.142616 
17.2362 0.138847 17.1851 0.128008 17.9745 0.113636 17.0187 0.113537 16.6021 0.122362 16.6441 0.118039 16.1036 0.146929 
19.3787 0.13445 19.293 0.145977 19.0898 0.127526 18.9035 0.153447 19.9153 0.181096 19.3955 0.129244 13.0872 0.10315 
18.532 0.119403 17.4404 0.125994 17.3797 0.117559 17.5112 0.142635 17.7652 0.150641 17.9459 0.122323 16.4656 0.138186 
13.9218 0.105646 14.0866 0.0960937 14.699 0.104802 13.8346 0.105397 14.6401 0.127792 14.7891 0.105355 13.9086 0.0976473 
13.9575 0.0997776 13.3671 0.0943742 13.8032 0.107077 12.7935 0.0887089 13.5721 0.0843708 13.7075 0.108802 13.039 0.11877 
18.682 0.130771 18.4875 0.138716 19.5745 0.12936 18.2923 0.144542 20.0062 0.157037 19.1739 0.151725 19.8327 0.137431 
19.6187 0.135327 18.7387 0.127161 18.1961 0.125957 17.9037 0.137721 18.4231 0.127228 17.7032 0.131676 18.1007 0.126921 
19.3226 0.136295 19.0073 0.133972 19.6419 0.146249 18.8252 0.150343 19.6777 0.13973 19.2713 0.136161 19.3132 0.143269 
18.796 0.139413 18.6589 0.135882 18.648 0.120085 18.1349 0.109364 18.9696 0.143969 18.3251 0.162009 18.3725 0.145195 
19.2153 0.145463 18.9757 0.160519 19.8562 0.14146 19.5566 0.130927 19.3281 0.13752 19.5148 0.151674 19.317 0.142127 
19.0964 0.110934 18.0731 0.123379 19.073 0.137556 18.1505 0.130461 17.9421 0.131213 19.0241 0.141114 18.3804 0.116185 
19.618 0.140482 18.8095 0.121608 20.219 0.137107 18.5678 0.13614 20.0322 0.154469 20.0491 0.136374 20.4264 0.158274 
18.925 0.11909 24.8075 0.172751 18.7123 0.141062 18.2542 0.128652 18.2998 0.150608 18.2842 0.114575 17.6349 0.134511 
18.6529 0.118509 18.596 0.134051 18.8075 0.138957 19.23 0.145882 19.5341 0.140693 19.6367 0.161621 19.2299 0.144252 
18.7744 0.126333 17.7862 0.117471 18.5705 0.128518 17.1364 0.123725 18.3679 0.11335 17.6667 0.110221 17.862 0.133308 
18.9466 0.126977 19.0966 0.137694 19.0122 0.145065 18.1267 0.134929 19.8144 0.131054 19.3574 0.144667 19.8345 0.1484 
19.3058 0.116035 18.162 0.113093 17.6429 0.109036 18.9385 0.119197 18.4156 0.134834 17.8204 0.141936 17.3071 0.106289 
18.0449 0.130281 18.5508 0.133247 19.0995 0.132838 17.6876 0.124106 20.0109 0.137338 19.1656 0.141263 18.1653 0.128231 
18.5629 0.117799 17.8351 0.104179 17.5478 0.11659 16.8997 0.113415 18.219 0.119434 18.1479 0.14613 17.1834 0.122997 
18.6947 0.118542 18.0458 0.131317 21.4031 0.130417 18.0109 0.118519 18.5705 0.132698 18.6974 0.141636 18.5724 0.121878 
17.916 0.10623 17.0204 0.117107 16.7385 0.112468 16.2828 0.124076 17.331 0.117591 17.5767 0.105526 16.3597 0.117509 
17.5133 0.144781 17.3493 0.136175 17.5062 0.135147 17.2984 0.133778 17.8199 0.157802 18.0637 0.135706 17.7783 0.136734 
17.1698 0.123058 17.8248 0.156987 17.3832 0.144047 17.3287 0.13954 16.1741 0.118545 16.4202 0.136969 15.8108 0.142071 
16.2958 0.175428 16.2867 0.180146 16.3597 0.157974 15.339 0.171659 16.0801 0.183185 14.6468 0.153431 13.9947 0.14806 
